ID	Pop	FT_2020	FT_2021	Cold_Day_1	Cold_Day_2	Cold_Day_3	Cold_Day_4	Cold_Day_5	Room_Day_1	Room_Day_2	Room_Day_3	Room_Day_4	Room_Day_5	Cold_Day_1.Ro	Cold_Day_2.Ro	Cold_Day_3.Ro	Cold_Day_4.Ro	Cold_Day_5.Ro	cold_dec	room_dec
NSL5634	Landrace	52.5	57	NA	NA	NA	NA	NA	NA	NA	NA	NA	NA	NA	NA	NA	NA	NA	NA	NA
Ames22041	Inbred	45.5	49	17	12.95	14.6	14.75	16	18.7	15.4	12.75	14.3	15.45	0.909090909	0.840909091	1.145098039	1.031468531	1.035598706	0.058823529	0.173796791
PI415243PI516128	Hybrid	47	57	15.25	13.95	13.5	13.35	13.45	14.1	12.2	11.4	10.75	10.1	1.081560284	1.143442623	1.184210526	1.241860465	1.331683168	0.118032787	0.283687943
Ames27118	Inbred	58.5	56.5	NA	NA	NA	NA	NA	NA	NA	NA	NA	NA	NA	NA	NA	NA	NA	NA	NA
A22062A22064	Hybrid	57.5	57	16.15	16.75	15.25	15.7	14.9	15.65	15.75	18.45	15.9	15.15	1.031948882	1.063492063	0.826558266	0.987421384	0.98349835	0.077399381	0.031948882
NSL5613	Landrace	56	58	NA	NA	NA	NA	NA	NA	NA	NA	NA	NA	NA	NA	NA	NA	NA	NA	NA
PI358530	Inbred	50.5	57	NA	NA	NA	NA	NA	NA	NA	NA	NA	NA	NA	NA	NA	NA	NA	NA	NA
A22028A22027	Hybrid	62	54.5	16.3	17.35	23.45	19.05	18.45	21.65	20.85	18.5	17.45	15.9	0.752886836	0.832134293	1.267567568	1.091690544	1.160377358	-0.13190184	0.265588915
NSL5637	Landrace	48.5	48	14.9	14.05	12.4	14.9	17.05	17.1	14.7	12.7	13.45	15.05	0.871345029	0.955782313	0.976377953	1.107806691	1.132890365	-0.144295302	0.119883041
PI183742	Landrace	49.5	54	9.7	9.55	9.25	9.1	10.2	11.4	12.8	13.55	13.15	14.65	0.850877193	0.74609375	0.682656827	0.692015209	0.696245734	-0.051546392	-0.285087719
Ames22024	Inbred	51	60	16.6	15.05	13.75	14.35	15	14.85	12.25	10.5	11.8	13	1.117845118	1.228571429	1.30952381	1.216101695	1.153846154	0.096385542	0.124579125
PI516176	Landrace	56.5	61.5	9.4	9.85	10.85	10.5	10.8	8.6	8	9.95	10.55	11.85	1.093023256	1.23125	1.090452261	0.995260664	0.911392405	-0.14893617	-0.377906977
PI358539PI358532	Hybrid	51	54	16.1	13.9	11.85	11.85	11.85	17.5	17.55	14.35	12.65	11.45	0.92	0.792022792	0.825783972	0.936758893	1.034934498	0.263975155	0.345714286
Ames22020	Inbred	43.5	49	15.7	14.15	12.8	12.4	12.35	14.4	11.3	9.2	11.9	15.4	1.090277778	1.252212389	1.391304348	1.042016807	0.801948052	0.213375796	-0.069444444
PI177589	Landrace	46.5	50	12.1	13.35	14.1	14.75	13.2	13.95	14.75	14.15	12.55	12.4	0.867383513	0.905084746	0.996466431	1.175298805	1.064516129	-0.090909091	0.111111111
Ames22035	Inbred	51.5	49.5	21.05	19.35	16.25	17.3	20.1	18.3	17.75	14.2	14.5	14.25	1.150273224	1.090140845	1.144366197	1.193103448	1.410526316	0.045130641	0.221311475
Ames22039	Inbred	44	44.5	15.9	16.05	12.7	14.5	13.15	17.4	17.3	15.8	16.1	14.2	0.913793103	0.927745665	0.803797468	0.900621118	0.926056338	0.172955975	0.183908046
PI219894	Landrace	43	43	17.7	18.85	16.3	18.15	14.4	16.9	17.25	13.9	15.45	15.8	1.047337278	1.092753623	1.172661871	1.174757282	0.911392405	0.186440678	0.065088757
A22063A22064	Hybrid	52	54.5	20.55	22.5	21.15	21.25	21.15	20.35	22.4	21.55	21.4	21.1	1.00982801	1.004464286	0.981438515	0.992990654	1.002369668	-0.02919708	-0.036855037
Ames22642	Landrace	46.5	40	15.95	13.45	11.55	15.25	17.7	16.6	17.3	14.2	15.9	15.35	0.960843373	0.777456647	0.813380282	0.959119497	1.153094463	-0.109717868	0.075301205
PI233322	Inbred	43	53	15.85	17.4	15.35	17.05	18.8	14.05	12.5	10.7	13.1	15	1.128113879	1.392	1.434579439	1.301526718	1.253333333	-0.186119874	-0.067615658
PI219886	Landrace	52	40	NA	NA	NA	NA	NA	NA	NA	NA	NA	NA	NA	NA	NA	NA	NA	NA	NA
A22036A024	Hybrid	46.5	41	16.2	17.4	15.4	15.9	15.4	16.05	16.8	17.05	16.95	16.55	1.009345794	1.035714286	0.903225806	0.938053097	0.930513595	0.049382716	-0.031152648
PI612343	Landrace	59	57	14.1	13.85	14.35	13.85	13.65	11	10.1	11.55	12.6	12.25	1.281818182	1.371287129	1.242424242	1.099206349	1.114285714	0.031914894	-0.113636364
A22062A22059	Hybrid	51	53.5	16.45	16.65	16.45	16.35	15.05	15.55	14.85	15.15	14.25	14	1.057877814	1.121212121	1.085808581	1.147368421	1.075	0.085106383	0.099678457
NSL15405	Inbred	45.5	55	18.6	18.8	14.4	16.05	17.15	14.3	13.65	12.7	14.25	13.85	1.300699301	1.377289377	1.133858268	1.126315789	1.238267148	0.077956989	0.031468531
Ames22634	Landrace	52.5	50	10.45	9.65	8.95	10.5	11.4	12.85	11.55	11	11.5	12.75	0.813229572	0.835497835	0.813636364	0.913043478	0.894117647	-0.090909091	0.007782101
PI516067	Landrace	53	61.5	NA	NA	NA	NA	NA	NA	NA	NA	NA	NA	NA	NA	NA	NA	NA	NA	NA
A22020A22065	Hybrid	55.5	54.5	18.5	16.8	14.1	12.8	12.3	18.85	17.95	15.35	12.85	11.6	0.981432361	0.935933148	0.918566775	0.996108949	1.060344828	0.335135135	0.384615385
Ames22050	Inbred	48	54.5	NA	NA	NA	NA	NA	NA	NA	NA	NA	NA	NA	NA	NA	NA	NA	NA	NA
Ames22044	Inbred	42	48	17.85	19.55	16.95	15.85	15.4	17.05	18.75	14.7	15.6	15.9	1.046920821	1.042666667	1.153061224	1.016025641	0.968553459	0.137254902	0.06744868
PI231749PI183742	Hybrid	44.5	51.5	15.2	14.6	13.9	13.35	13.8	18	15.9	11.75	13.35	14.55	0.844444444	0.918238994	1.182978723	1	0.948453608	0.092105263	0.191666667
PI231301PI231746	Hybrid	45.5	49	16.9	15.05	13.75	18.5	13.9	16.9	14.3	15.25	16.35	11.85	1	1.052447552	0.901639344	1.131498471	1.172995781	0.177514793	0.298816568
NSL5616NSL103821	Hybrid	41	43	NA	NA	NA	NA	NA	NA	NA	NA	NA	NA	NA	NA	NA	NA	NA	NA	NA
PI296723	Landrace	41	40	NA	NA	NA	NA	NA	NA	NA	NA	NA	NA	NA	NA	NA	NA	NA	NA	NA
Ames22013	Inbred	44	52.5	14.3	12.65	12.65	12.75	12	13.05	10.35	9	8.5	8.15	1.095785441	1.222222222	1.405555556	1.5	1.472392638	0.160839161	0.375478927
NSL34379	Landrace	59.5	59	NA	NA	NA	NA	NA	NA	NA	NA	NA	NA	NA	NA	NA	NA	NA	NA	NA
NSL42806	Inbred	53	57	7.6	7.7	6.85	7.7	8.2	9.8	7.05	6	7.75	9.2	0.775510204	1.092198582	1.141666667	0.993548387	0.891304348	-0.078947368	0.06122449
PI231749	Landrace	46.5	56	NA	NA	NA	NA	NA	NA	NA	NA	NA	NA	NA	NA	NA	NA	NA	NA	NA
A22023A22033	Hybrid	71.5	57	13.65	14.25	17.6	14.45	14.4	14.35	13.8	16.5	14.5	12.75	0.951219512	1.032608696	1.066666667	0.996551724	1.129411765	-0.054945055	0.111498258
Ames22040	Inbred	46.5	49	NA	NA	NA	NA	NA	NA	NA	NA	NA	NA	NA	NA	NA	NA	NA	NA	NA
PI587135	Inbred	50	54.5	9.05	10.35	9.1	10.4	10.7	10.9	9.6	8.45	9.1	9.75	0.830275229	1.078125	1.076923077	1.142857143	1.097435897	-0.182320442	0.105504587
PI628519	Landrace	46.5	67.5	NA	NA	NA	NA	NA	NA	NA	NA	NA	NA	NA	NA	NA	NA	NA	NA	NA
PI162573	Landrace	46	54.5	10.6	10.75	9.85	9.85	10.55	10.1	9.25	9.3	9.55	10.5	1.04950495	1.162162162	1.059139785	1.031413613	1.004761905	0.004716981	-0.03960396
PI567793PI567792	Hybrid	48.5	54.5	21	18.75	16.35	15.25	14.5	20.55	21.3	15.55	13.9	10.75	1.02189781	0.88028169	1.051446945	1.097122302	1.348837209	0.30952381	0.476885645
NSL42807	Inbred	50.5	57	NA	NA	NA	NA	NA	NA	NA	NA	NA	NA	NA	NA	NA	NA	NA	NA	NA
A909A039P768	Hybrid	46.5	44	NA	NA	NA	NA	NA	NA	NA	NA	NA	NA	NA	NA	NA	NA	NA	NA	NA
A22049A22640	Hybrid	45.5	51.5	21.2	19.75	19.45	21	19.65	18.85	19.05	18.95	18.9	17.95	1.124668435	1.036745407	1.026385224	1.111111111	1.094707521	0.073113208	0.047745358
PI608627PI578125	Hybrid	46	54.5	16.9	15.55	14.7	13.2	13.2	14.75	14.5	15	14.6	11.4	1.145762712	1.072413793	0.98	0.904109589	1.157894737	0.218934911	0.227118644
Ames22023	Inbred	51.5	58.5	NA	NA	NA	NA	NA	NA	NA	NA	NA	NA	NA	NA	NA	NA	NA	NA	NA
F2F2	Hybrid	44	49	24.45	23	21.9	21.45	19.95	23.55	22.55	23.5	24.1	24.05	1.038216561	1.019955654	0.931914894	0.890041494	0.82952183	0.18404908	-0.021231423
Ames22640	Landrace	48.5	50	13.7	11.55	11.55	10.65	10.65	9.6	9.55	8.95	12.2	15.25	1.427083333	1.209424084	1.290502793	0.87295082	0.698360656	0.222627737	-0.588541667
Ames22047	Inbred	51.5	53.5	NA	NA	NA	NA	NA	NA	NA	NA	NA	NA	NA	NA	NA	NA	NA	NA	NA
PI358533PI685985	Hybrid	49.5	48.5	12.4	12.2	11.6	11.75	11.05	10.7	9.7	9.85	9.65	9.45	1.158878505	1.257731959	1.177664975	1.21761658	1.169312169	0.108870968	0.11682243
NSL5637PI168025	Hybrid	56	56.5	NA	NA	NA	NA	NA	NA	NA	NA	NA	NA	NA	NA	NA	NA	NA	NA	NA
PI233317	Inbred	41	48	18.1	18.05	16.45	17	17.6	17.75	17.65	12.95	13.95	13.85	1.01971831	1.02266289	1.27027027	1.218637993	1.270758123	0.027624309	0.21971831
NSL8585	Inbred	52.5	58.5	NA	NA	NA	NA	NA	NA	NA	NA	NA	NA	NA	NA	NA	NA	NA	NA	NA
A22041PI233317	Hybrid	69.5	49	18.35	19.4	14.75	17.75	17.55	16.4	18.7	21.95	23.05	24.25	1.118902439	1.037433155	0.671981777	0.770065076	0.72371134	0.04359673	-0.478658537
NSL67056	Landrace	58	55.5	NA	NA	NA	NA	NA	NA	NA	NA	NA	NA	NA	NA	NA	NA	NA	NA	NA
A22640A23848	Hybrid	43.5	42	NA	NA	NA	NA	NA	NA	NA	NA	NA	NA	NA	NA	NA	NA	NA	NA	NA
PI177107PI162573	Hybrid	48.5	54	18.05	18.3	16.6	16.95	17.05	17.5	16.55	18.2	16.8	16.05	1.031428571	1.105740181	0.912087912	1.008928571	1.062305296	0.055401662	0.082857143
Ames27119	Inbred	51.5	48	NA	NA	NA	NA	NA	NA	NA	NA	NA	NA	NA	NA	NA	NA	NA	NA	NA
Ames22048	Inbred	56	57.5	NA	NA	NA	NA	NA	NA	NA	NA	NA	NA	NA	NA	NA	NA	NA	NA	NA
PI578125	Landrace	46.5	56	16.2	16.2	21.35	21.4	19.95	14.9	15.85	22.2	22.7	24.2	1.087248322	1.022082019	0.961711712	0.942731278	0.824380165	-0.231481481	-0.624161074
PI516160PI516162	Hybrid	45.5	44.5	16.3	14.35	14.6	14.55	14.1	12.7	11.1	10.6	9.85	9.1	1.283464567	1.292792793	1.377358491	1.47715736	1.549450549	0.134969325	0.283464567
Ames23510	Inbred	44	48.5	16.45	14.5	13.55	14.35	12.75	16.6	16.05	13.3	13.7	13.75	0.990963855	0.903426791	1.018796992	1.047445255	0.927272727	0.224924012	0.171686747
PI516167PI516172	Hybrid	47.5	44	NA	NA	NA	NA	NA	NA	NA	NA	NA	NA	NA	NA	NA	NA	NA	NA	NA
Ames22032	Inbred	44.5	50	NA	NA	NA	NA	NA	NA	NA	NA	NA	NA	NA	NA	NA	NA	NA	NA	NA
PI219880	Landrace	43.5	43	NA	NA	NA	NA	NA	NA	NA	NA	NA	NA	NA	NA	NA	NA	NA	NA	NA
Ames22053	Inbred	52.5	53.5	NA	NA	NA	NA	NA	NA	NA	NA	NA	NA	NA	NA	NA	NA	NA	NA	NA
PI358539NS101292	Hybrid	49.5	54	12.35	12.8	12.3	11.55	11.75	14.3	14.5	9.5	10.85	11.2	0.863636364	0.882758621	1.294736842	1.064516129	1.049107143	0.048582996	0.216783217
A22050A22049	Hybrid	49	51.5	15.15	17.45	16.6	17.1	16.95	14.75	16.05	19.45	18.85	18.15	1.027118644	1.087227414	0.853470437	0.907161804	0.933884298	-0.118811881	-0.230508475
Ames22033	Inbred	53	62	NA	NA	NA	NA	NA	NA	NA	NA	NA	NA	NA	NA	NA	NA	NA	NA	NA
Ames22025	Landrace	53.5	54	NA	NA	NA	NA	NA	NA	NA	NA	NA	NA	NA	NA	NA	NA	NA	NA	NA
Ames22046	Inbred	45	49	NA	NA	NA	NA	NA	NA	NA	NA	NA	NA	NA	NA	NA	NA	NA	NA	NA
PI516166	Landrace	45.5	50	10.15	10.35	10.45	10.8	10.3	12.15	11.85	10.1	12.2	11.45	0.835390947	0.873417722	1.034653465	0.885245902	0.899563319	-0.014778325	0.057613169
Ames22012	Inbred	47	52	NA	NA	NA	NA	NA	NA	NA	NA	NA	NA	NA	NA	NA	NA	NA	NA	NA
PI515458	Landrace	75.5	69	NA	NA	NA	NA	NA	NA	NA	NA	NA	NA	NA	NA	NA	NA	NA	NA	NA
Ames23509	Inbred	44	50.5	16.6	16.15	13.1	13.45	13.45	15.65	12.1	10.65	11	11	1.060702875	1.334710744	1.230046948	1.222727273	1.222727273	0.189759036	0.297124601
PI515454	Landrace	63.5	67.5	NA	NA	NA	NA	NA	NA	NA	NA	NA	NA	NA	NA	NA	NA	NA	NA	NA
NS101292PI358532	Hybrid	46.5	54.5	11.6	13.6	10.8	13.6	12.6	13.95	13.8	13.75	13.3	13.1	0.831541219	0.985507246	0.785454545	1.022556391	0.961832061	-0.086206897	0.0609319
NSL8581	Inbred	62.5	62.5	NA	NA	NA	NA	NA	NA	NA	NA	NA	NA	NA	NA	NA	NA	NA	NA	NA
Ames26765	Inbred	63	63	15.2	19.5	13.6	15.9	19.3	15.1	13.45	12.25	14.05	11.8	1.006622517	1.449814126	1.110204082	1.131672598	1.63559322	-0.269736842	0.218543046
Ames22015	Inbred	46	49	18.75	19.5	14.9	17.25	20	19.6	14.55	10.8	13.4	16	0.956632653	1.340206186	1.37962963	1.287313433	1.25	-0.066666667	0.183673469
Ames22018	Inbred	44	51	16.05	15.4	15.3	16.45	17.65	15	11.9	11.05	12	12.15	1.07	1.294117647	1.384615385	1.370833333	1.452674897	-0.099688474	0.19
Ames22052	Inbred	54.5	57	NA	NA	NA	NA	NA	NA	NA	NA	NA	NA	NA	NA	NA	NA	NA	NA	NA
PI204823	Landrace	42.5	42.5	20.2	19.4	17.95	22	21.45	22.1	20.45	15.95	15.8	17	0.914027149	0.948655257	1.12539185	1.392405063	1.261764706	-0.061881188	0.230769231
Ames27446	Inbred	52.5	54.5	NA	NA	NA	NA	NA	NA	NA	NA	NA	NA	NA	NA	NA	NA	NA	NA	NA
PI253730	Landrace	42	64.5	NA	NA	NA	NA	NA	NA	NA	NA	NA	NA	NA	NA	NA	NA	NA	NA	NA
PI358536	Inbred	51.5	56	NA	NA	NA	NA	NA	NA	NA	NA	NA	NA	NA	NA	NA	NA	NA	NA	NA
PI515426	Landrace	65.5	63	NA	NA	NA	NA	NA	NA	NA	NA	NA	NA	NA	NA	NA	NA	NA	NA	NA
PI415228PI415243	Hybrid	44	54.5	11.95	10.8	13.95	12	10.2	10.55	7.95	9.25	9.4	9.55	1.132701422	1.358490566	1.508108108	1.276595745	1.068062827	0.146443515	0.09478673
PI516139PI516152	Hybrid	48	61	14.7	13.7	13.55	13.55	14.1	15.3	15.1	14.75	14.95	15.2	0.960784314	0.907284768	0.918644068	0.906354515	0.927631579	0.040816327	0.006535948
PI231745	Landrace	52	59	16.4	14.4	16.9	17.55	16.75	22.95	19.15	17.55	21.55	22.2	0.71459695	0.751958225	0.962962963	0.814385151	0.754504505	-0.021341463	0.032679739
PI358534	Inbred	55.5	60.5	NA	NA	NA	NA	NA	NA	NA	NA	NA	NA	NA	NA	NA	NA	NA	NA	NA
PI204813PI204812	Hybrid	50	54.5	14.75	14.7	14.1	14.3	13.75	15.15	16.1	17.05	17.5	16.35	0.97359736	0.913043478	0.826979472	0.817142857	0.840978593	0.06779661	-0.079207921
Ames22022	Inbred	56	57	NA	NA	NA	NA	NA	NA	NA	NA	NA	NA	NA	NA	NA	NA	NA	NA	NA
PI255977PI245130	Hybrid	43.5	44	20.35	18.75	18	17.95	18.45	24.95	25.75	25.9	23.15	23.95	0.815631263	0.72815534	0.694980695	0.77537797	0.770354906	0.093366093	0.04008016
PI550493	Inbred	61	62	NA	NA	NA	NA	NA	NA	NA	NA	NA	NA	NA	NA	NA	NA	NA	NA	NA
Ames22016	Inbred	44.5	49	16.4	15.3	14.15	15.15	16.85	12.2	10.4	8.6	9.95	11.55	1.344262295	1.471153846	1.645348837	1.522613065	1.458874459	-0.027439024	0.053278689
PI177107	Landrace	50.5	46	12.6	14.3	12.85	11.2	10.05	10.95	12.7	13	13	14.35	1.150684932	1.125984252	0.988461538	0.861538462	0.700348432	0.202380952	-0.310502283
Ames22042	Inbred	51	55	NA	NA	NA	NA	NA	NA	NA	NA	NA	NA	NA	NA	NA	NA	NA	NA	NA
A22049A22025	Hybrid	48.5	51.5	14.9	15.05	13.65	13.9	14	16.55	16.55	18.45	17.15	16.95	0.900302115	0.909365559	0.739837398	0.810495627	0.825958702	0.060402685	-0.024169184
PI515464	Landrace	59.5	69	NA	NA	NA	NA	NA	NA	NA	NA	NA	NA	NA	NA	NA	NA	NA	NA	NA
NSL8583	Landrace	53.5	54.5	NA	NA	NA	NA	NA	NA	NA	NA	NA	NA	NA	NA	NA	NA	NA	NA	NA
NSL73325PI204812	Hybrid	46.5	57	18.7	16.35	16.15	14.65	16.8	15.75	15.8	16	15.8	15.85	1.187301587	1.034810127	1.009375	0.92721519	1.059936909	0.101604278	-0.006349206
NSL229320	Landrace	52.5	56	13	13.05	12.5	13.05	14.5	12.2	12.05	11.4	12.25	12.7	1.06557377	1.082987552	1.096491228	1.065306122	1.141732283	-0.115384615	-0.040983607
PI220866	Landrace	69.5	40	15.3	16.3	15	13.7	13.6	17.85	17.2	14.95	14.35	13.85	0.857142857	0.947674419	1.003344482	0.954703833	0.981949458	0.111111111	0.224089636
Ames26762	Inbred	61.5	59	14.8	15.45	12.15	11.75	10.95	13.5	12	10.75	12.5	14.5	1.096296296	1.2875	1.130232558	0.94	0.755172414	0.260135135	-0.074074074
PI358527	Inbred	51	55	17.05	15	13.1	13.6	13.9	14.25	13.55	12.1	12.05	12.5	1.196491228	1.10701107	1.082644628	1.128630705	1.112	0.184750733	0.122807018
PI516165	Landrace	45	44	16.45	15.7	12.95	13.05	12.7	12.4	11.9	13.6	12.95	11.7	1.326612903	1.319327731	0.952205882	1.007722008	1.085470085	0.227963526	0.056451613
A22066A22064	Hybrid	51	54.5	12.15	11.65	14.1	18.95	18.8	13.1	14.75	23.25	24	23.75	0.927480916	0.789830508	0.606451613	0.789583333	0.791578947	-0.547325103	-0.812977099
PI358538	Inbred	51.5	56.5	NA	NA	NA	NA	NA	NA	NA	NA	NA	NA	NA	NA	NA	NA	NA	NA	NA
NSL42727NSL5637	Hybrid	49.5	47	NA	NA	NA	NA	NA	NA	NA	NA	NA	NA	NA	NA	NA	NA	NA	NA	NA
PI219870	Landrace	44.5	40	NA	NA	NA	NA	NA	NA	NA	NA	NA	NA	NA	NA	NA	NA	NA	NA	NA
A22023A22062	Hybrid	50.5	59.5	13.35	11.95	13.4	12.45	11.5	15.15	15.5	19.05	15.95	12.4	0.881188119	0.770967742	0.703412073	0.780564263	0.927419355	0.138576779	0.181518152
PI358522	Inbred	59.5	63	NA	NA	NA	NA	NA	NA	NA	NA	NA	NA	NA	NA	NA	NA	NA	NA	NA
PI231297	Landrace	45.5	54	11.1	11	11.35	9.65	10.05	9.95	9.95	9.05	9.7	9.25	1.115577889	1.105527638	1.254143646	0.994845361	1.086486486	0.094594595	0.070351759
PI586705	Landrace	50	56	12.55	12.35	16.95	16.4	15.85	14.6	14.1	13.9	15.5	15.95	0.859589041	0.875886525	1.21942446	1.058064516	0.993730408	-0.262948207	-0.092465753
PI608627	Landrace	45	53	9.3	8.95	10.8	10.95	9.95	8.45	9.4	8.7	10.85	9.6	1.100591716	0.95212766	1.24137931	1.00921659	1.036458333	-0.069892473	-0.136094675
NSL42727NSL5639	Hybrid	52	51.5	NA	NA	NA	NA	NA	NA	NA	NA	NA	NA	NA	NA	NA	NA	NA	NA	NA
PI516153	Landrace	46.5	53.5	17.5	15.75	17.35	16.35	16.75	19.35	18.3	15.4	14.95	15.1	0.904392765	0.860655738	1.126623377	1.093645485	1.109271523	0.042857143	0.219638243
PI516160	Landrace	45	43	15.15	15	14.1	13.65	13.25	17.75	14.6	17.35	13.3	13.35	0.853521127	1.02739726	0.812680115	1.026315789	0.992509363	0.125412541	0.247887324
Ames22029	Inbred	44.5	53.5	15.3	13.7	12.3	12.5	15.05	14.3	14	12.35	13	12.35	1.06993007	0.978571429	0.995951417	0.961538462	1.218623482	0.016339869	0.136363636
Ames22062NSL8579	Hybrid	52	57	15.55	16.5	17.25	16.3	16.65	18.45	19.3	20.7	21.05	21.05	0.842818428	0.85492228	0.833333333	0.774346793	0.790973872	-0.07073955	-0.140921409
PI516160PI516163	Hybrid	45.5	49	18.2	15.6	15.1	13.75	13.2	15.15	15.65	14.55	14.25	12.5	1.201320132	0.996805112	1.037800687	0.964912281	1.056	0.274725275	0.174917492
PI587133	Inbred	50	54	NA	NA	NA	NA	NA	NA	NA	NA	NA	NA	NA	NA	NA	NA	NA	NA	NA
PI231298	Landrace	57	50	13.15	12.9	11.65	11.4	13.45	11.45	11.85	11.1	11.2	9.6	1.148471616	1.088607595	1.04954955	1.017857143	1.401041667	-0.022813688	0.161572052
Ames22067	Inbred	48	44	32.05	27.8	23.7	23.35	23.4	26.6	22.9	19.8	21.55	23.2	1.204887218	1.213973799	1.196969697	1.083526682	1.00862069	0.269890796	0.127819549
Ames22028	Inbred	49.5	56	12.7	14.2	12.85	12.3	12.5	12.3	10.3	9.25	10.05	11.65	1.032520325	1.378640777	1.389189189	1.223880597	1.072961373	0.015748031	0.052845528
Ames22014	Inbred	52.5	56.5	NA	NA	NA	NA	NA	NA	NA	NA	NA	NA	NA	NA	NA	NA	NA	NA	NA
PI231746	Landrace	NA	NA	NA	NA	NA	NA	NA	NA	NA	NA	NA	NA	NA	NA	NA	NA	NA	NA	NA
Ames23508	Inbred	47	45	18.65	20.35	17.75	19	19.4	16.65	14.2	13.15	15.25	16.3	1.12012012	1.433098592	1.349809886	1.245901639	1.190184049	-0.040214477	0.021021021
A28439A28369	Hybrid	49	51	NA	NA	NA	NA	NA	NA	NA	NA	NA	NA	NA	NA	NA	NA	NA	NA	NA
PI231302	Landrace	55	50	10.65	10.65	10.35	12.1	10	11.6	12.3	11.85	11.15	11.8	0.918103448	0.865853659	0.873417722	1.085201794	0.847457627	0.061032864	-0.017241379
NSL101292	Inbred	53	57	NA	NA	NA	NA	NA	NA	NA	NA	NA	NA	NA	NA	NA	NA	NA	NA	NA
PI516168PI516170	Hybrid	44.5	44	15.25	15	15.8	15.15	15.75	16.2	16.2	14.4	13.7	12.8	0.941358025	0.925925926	1.097222222	1.105839416	1.23046875	-0.032786885	0.209876543
NSL5618	Landrace	49.5	54.5	19	17.35	15.2	14.35	15.15	17.85	14	11.55	14.05	14.6	1.06442577	1.239285714	1.316017316	1.021352313	1.037671233	0.202631579	0.182072829
PI516167	Landrace	47	43	12.55	11.75	14.2	13.65	13.1	13.25	12.3	14.4	16.75	15.75	0.947169811	0.955284553	0.986111111	0.814925373	0.831746032	-0.043824701	-0.188679245
PI231746PI233005	Hybrid	46.5	54.5	17.3	16.9	15.35	14.75	15.45	17.55	14.85	15.55	13.85	14.55	0.985754986	1.138047138	0.987138264	1.064981949	1.06185567	0.106936416	0.170940171
A22041A22064	Hybrid	47	49	17.4	14.6	20	16.05	15.35	19.25	21.85	25.95	25.8	25.9	0.903896104	0.66819222	0.770712909	0.622093023	0.592664093	0.117816092	-0.345454545
PI443845	Landrace	42.5	62.5	NA	NA	NA	NA	NA	NA	NA	NA	NA	NA	NA	NA	NA	NA	NA	NA	NA
A22025A22023	Hybrid	52	54.5	15.85	15.8	15.15	13.75	12.85	14.7	14.55	15.9	11.75	11.05	1.078231293	1.085910653	0.952830189	1.170212766	1.162895928	0.189274448	0.24829932
A22049A22634	Hybrid	46.5	48.5	13.5	13.3	13.05	12.9	12.75	13.35	13.1	16.85	15.8	15.15	1.011235955	1.015267176	0.774480712	0.816455696	0.841584158	0.055555556	-0.134831461
A22023A22064	Hybrid	51	59.5	16.8	17.2	24.05	19.05	18.35	20.95	21.45	21.8	18.5	18.3	0.801909308	0.801864802	1.103211009	1.02972973	1.00273224	-0.092261905	0.126491647
Ames22030	Inbred	54	56	NA	NA	NA	NA	NA	NA	NA	NA	NA	NA	NA	NA	NA	NA	NA	NA	NA
NSL5639	Landrace	50.5	48	16.8	16.65	15.65	15	13.5	17.1	15.9	14.65	13.5	13.45	0.98245614	1.047169811	1.068259386	1.111111111	1.003717472	0.196428571	0.213450292
PI628428	Landrace	71.5	70	NA	NA	NA	NA	NA	NA	NA	NA	NA	NA	NA	NA	NA	NA	NA	NA	NA
PI233318	Inbred	42	48	15.1	16.15	13.85	15.45	16.05	13.5	15.25	13.2	15.45	17.35	1.118518519	1.059016393	1.049242424	1	0.925072046	-0.062913907	-0.285185185
Ames22036	Inbred	48	47	14.4	14.15	12.7	14.05	15.3	12.1	10.2	8.25	9.95	12.25	1.190082645	1.387254902	1.539393939	1.412060302	1.248979592	-0.0625	-0.012396694
PI231739	Landrace	50.5	50	14.8	14	12.05	13.8	13.5	16.75	16	14.55	13.75	13.4	0.88358209	0.875	0.828178694	1.003636364	1.007462687	0.087837838	0.2
PI213796	Landrace	53	40	12.2	13.2	14.35	12.65	10.3	13.5	15.15	15.15	12.85	10.5	0.903703704	0.871287129	0.947194719	0.984435798	0.980952381	0.155737705	0.222222222
A22040A22066	Hybrid	57.5	57	15.15	15.3	12.3	15.95	15.4	16.75	16.3	14.6	14.5	13.85	0.904477612	0.938650307	0.842465753	1.1	1.111913357	-0.01650165	0.173134328
PI358539	Inbred	51	56.5	NA	NA	NA	NA	NA	NA	NA	NA	NA	NA	NA	NA	NA	NA	NA	NA	NA
Ames26763	Inbred	63	63	NA	NA	NA	NA	NA	NA	NA	NA	NA	NA	NA	NA	NA	NA	NA	NA	NA
A22031A22028	Hybrid	61.5	59.5	16.95	15.35	19.75	16.45	16.7	17.95	13.9	17.95	17	16.1	0.944289694	1.104316547	1.100278552	0.967647059	1.037267081	0.014749263	0.103064067
PI255977	Landrace	45.5	46	20.05	20.9	24.1	23.55	22.05	23.1	25.3	20.7	19.7	19.7	0.867965368	0.826086957	1.164251208	1.195431472	1.11928934	-0.099750623	0.147186147
PI644102	Inbred	49.5	55	NA	NA	NA	NA	NA	NA	NA	NA	NA	NA	NA	NA	NA	NA	NA	NA	NA
PI231302PI231301	Hybrid	47.5	49	18	15.85	14.95	14.15	13.75	16.7	16.2	14.85	13.25	12.5	1.077844311	0.978395062	1.006734007	1.067924528	1.1	0.236111111	0.251497006
PI516170	Landrace	43	44	NA	NA	NA	NA	NA	NA	NA	NA	NA	NA	NA	NA	NA	NA	NA	NA	NA
PI420247	Landrace	45	53	14.75	14.55	14.6	12.95	12.75	12	12.25	14.7	15.3	15	1.229166667	1.187755102	0.993197279	0.846405229	0.85	0.13559322	-0.25
Ames22017	Inbred	41.5	48	15.95	14.1	13.2	13.4	14	13.75	11.9	10.65	11.1	10.75	1.16	1.18487395	1.23943662	1.207207207	1.302325581	0.122257053	0.218181818
A22031A22030	Hybrid	57	51.5	18.5	19.55	18.95	18.95	19.3	17.3	17.75	19.75	19.15	18.6	1.069364162	1.101408451	0.959493671	0.989556136	1.037634409	-0.043243243	-0.075144509
Ames22066	Inbred	53.5	53.5	NA	NA	NA	NA	NA	NA	NA	NA	NA	NA	NA	NA	NA	NA	NA	NA	NA
PI587126	Inbred	45.5	40	15.95	16.1	16.5	17.25	16.8	16	15.55	13.25	14.55	16	0.996875	1.035369775	1.245283019	1.18556701	1.05	-0.053291536	0
Ames22062	Inbred	56.5	59.5	NA	NA	NA	NA	NA	NA	NA	NA	NA	NA	NA	NA	NA	NA	NA	NA	NA
PI358526	Inbred	52	55	NA	NA	NA	NA	NA	NA	NA	NA	NA	NA	NA	NA	NA	NA	NA	NA	NA
NS101292PI358527	Hybrid	50	54.5	15.6	15.85	13.25	15.2	14.75	17.65	17.35	17	17.15	17.2	0.883852691	0.913544669	0.779411765	0.886297376	0.85755814	0.054487179	0.025495751
A22021A22022	Hybrid	52.5	54.5	8.9	9.4	10.1	10.1	10.05	9.05	10.2	17.6	14.35	13.05	0.983425414	0.921568627	0.573863636	0.703832753	0.770114943	-0.129213483	-0.44198895
PI231746PI231297	Hybrid	46.5	49	19.7	15.65	15.1	14	14.9	18.2	15.1	12.6	12.7	15.65	1.082417582	1.036423841	1.198412698	1.102362205	0.952076677	0.243654822	0.14010989
Ames27120	Inbred	62	60.5	NA	NA	NA	NA	NA	NA	NA	NA	NA	NA	NA	NA	NA	NA	NA	NA	NA
Ames22031	Inbred	59	59	NA	NA	NA	NA	NA	NA	NA	NA	NA	NA	NA	NA	NA	NA	NA	NA	NA
PI567792	Inbred	52	55	NA	NA	NA	NA	NA	NA	NA	NA	NA	NA	NA	NA	NA	NA	NA	NA	NA
PI415228PI406207	Hybrid	45	54.5	13.45	11.55	10.55	10.9	11.1	10	10.7	10.5	10	11.5	1.345	1.079439252	1.004761905	1.09	0.965217391	0.17472119	-0.15
A22640A22634	Hybrid	48	48.5	16.7	16.65	16.25	16.75	16.5	14.65	16.85	16.9	17.1	17.35	1.139931741	0.988130564	0.961538462	0.979532164	0.951008646	0.011976048	-0.184300341
A22020A22043	Hybrid	59.5	44.5	15.85	17.5	22.35	16.95	16.35	19.3	22.4	27.15	25.55	24.9	0.821243523	0.78125	0.82320442	0.663405088	0.656626506	-0.031545741	-0.29015544
PI587126NSL5639	Hybrid	51.5	47	20.05	20.55	23.25	23.9	24.1	18.4	17.15	24.95	23.5	24.7	1.089673913	1.198250729	0.931863727	1.017021277	0.975708502	-0.201995012	-0.342391304
Ames22055	Inbred	57.5	54	NA	NA	NA	NA	NA	NA	NA	NA	NA	NA	NA	NA	NA	NA	NA	NA	NA
PI509046	Inbred	60	68	NA	NA	NA	NA	NA	NA	NA	NA	NA	NA	NA	NA	NA	NA	NA	NA	NA
PI233316PI233318	Hybrid	49.5	57	15.05	15.25	14.7	15.65	15.45	13.3	12.45	12.8	14.35	14.6	1.131578947	1.224899598	1.1484375	1.090592334	1.058219178	-0.026578073	-0.097744361
A22634A22640	Hybrid	46	54	15.5	14.25	13.45	13.95	14.5	14.85	16.85	16.85	17.05	16.7	1.043771044	0.845697329	0.798219585	0.818181818	0.868263473	0.064516129	-0.124579125
A22041A22025	Hybrid	51	49	14.65	16.8	15.95	15.65	14.55	13.2	11.1	16.8	16.45	16.35	1.109848485	1.513513514	0.949404762	0.951367781	0.889908257	0.006825939	-0.238636364
PI233318PI233316	Hybrid	45.5	48.5	17.8	17.25	19.35	19.65	20.85	16.75	16.2	16.1	15.7	14.95	1.062686567	1.064814815	1.201863354	1.251592357	1.394648829	-0.171348315	0.107462687
Ames32909	Landrace	59.5	57.5	NA	NA	NA	NA	NA	NA	NA	NA	NA	NA	NA	NA	NA	NA	NA	NA	NA
Ames22019	Inbred	44	48.5	NA	NA	NA	NA	NA	NA	NA	NA	NA	NA	NA	NA	NA	NA	NA	NA	NA
Ames22045	Inbred	45.5	45.5	NA	NA	NA	NA	NA	NA	NA	NA	NA	NA	NA	NA	NA	NA	NA	NA	NA
PI204813PI231296	Hybrid	45	57	15.9	13.1	13.45	13.65	13.65	15.85	12.6	14.2	14.5	11.25	1.003154574	1.03968254	0.947183099	0.94137931	1.213333333	0.141509434	0.29022082
A22027A22033	Hybrid	51	59	15.1	14.6	15	15.85	15.65	10.3	17.65	12.8	13.5	13.3	1.466019417	0.827195467	1.171875	1.174074074	1.176691729	-0.036423841	-0.291262136
Ames27445	Inbred	65	64	NA	NA	NA	NA	NA	NA	NA	NA	NA	NA	NA	NA	NA	NA	NA	NA	NA
PI231749PI231748	Hybrid	47	57	27.15	24.5	22.3	22.5	23.1	26.1	25.45	18.5	18.6	15.8	1.040229885	0.962671906	1.205405405	1.209677419	1.462025316	0.149171271	0.394636015
Ames22034	Inbred	49	49	17.3	14.95	12.75	13.65	16.95	16	14.25	12.2	14.7	15.6	1.08125	1.049122807	1.045081967	0.928571429	1.086538462	0.020231214	0.025
PI177642	Landrace	52.5	46	11.4	11	11.15	13.65	13	14	13.35	9.5	10.65	9.25	0.814285714	0.823970037	1.173684211	1.281690141	1.405405405	-0.140350877	0.339285714
Ames28957	Inbred	74.5	67	NA	NA	NA	NA	NA	NA	NA	NA	NA	NA	NA	NA	NA	NA	NA	NA	NA
PI231746PI231749	Hybrid	49.5	49	17.55	15.25	14.9	15.1	15.35	18.15	16	16.05	16.35	16.5	0.966942149	0.953125	0.92834891	0.923547401	0.93030303	0.125356125	0.090909091
Ames23507	Inbred	44	48.5	18.05	16.85	14.95	15.6	17.3	13.3	11.7	10.45	11.85	13.15	1.357142857	1.44017094	1.43062201	1.316455696	1.315589354	0.041551247	0.011278195
PI231298PI162573	Hybrid	46.5	49	16.9	16.7	16.25	15.15	14.5	18.4	17.5	16.3	15.95	15.15	0.918478261	0.954285714	0.996932515	0.94984326	0.95709571	0.142011834	0.176630435
Ames28364	Inbred	53	53.5	NA	NA	NA	NA	NA	NA	NA	NA	NA	NA	NA	NA	NA	NA	NA	NA	NA
A22066A22055	Hybrid	56	51.5	15.45	15.25	14.3	14.2	13.8	16.65	17.95	18.45	18.35	18	0.927927928	0.849582173	0.775067751	0.773841962	0.766666667	0.106796117	-0.081081081
A22640A33235	Hybrid	46	51.5	12.45	12.7	13.3	12.95	12.7	13.8	13	12.55	12.35	12.35	0.902173913	0.976923077	1.059760956	1.048582996	1.028340081	-0.020080321	0.105072464
PI233319	Inbred	40.5	57	18.35	17.85	16.05	17.2	17.85	18.55	16.85	12.6	15.05	17.35	0.989218329	1.059347181	1.273809524	1.142857143	1.028818444	0.027247956	0.064690027
Ames22064	Inbred	55.5	60	NA	NA	NA	NA	NA	NA	NA	NA	NA	NA	NA	NA	NA	NA	NA	NA	NA
PI358533	Inbred	54	56.5	NA	NA	NA	NA	NA	NA	NA	NA	NA	NA	NA	NA	NA	NA	NA	NA	NA
A22036PI233316	Hybrid	74	52	24.4	23.8	22.8	22.1	21.65	27.75	27.75	27.9	25.15	23.8	0.879279279	0.857657658	0.817204301	0.878727634	0.909663866	0.112704918	0.142342342
PI231746	Landrace	NA	NA	NA	NA	NA	NA	NA	NA	NA	NA	NA	NA	NA	NA	NA	NA	NA	NA	NA
PI218174	Landrace	43.5	50	14.55	13.7	14.75	16.7	13.05	14.3	15.3	15	15.55	14.55	1.017482517	0.895424837	0.983333333	1.073954984	0.896907216	0.103092784	-0.017482517
PI255983	Landrace	45	45	14.05	15.85	16.35	15.95	18.5	13.75	13.75	17.1	17.75	16.25	1.021818182	1.152727273	0.956140351	0.898591549	1.138461538	-0.316725979	-0.181818182
PI233316PI685985	Hybrid	45.5	51.5	16.2	15.75	15.7	14.95	17.45	17.55	18.5	16.75	17.15	16.25	0.923076923	0.851351351	0.937313433	0.871720117	1.073846154	-0.077160494	0.074074074
Ames22049	Landrace	55.5	54	NA	NA	NA	NA	NA	NA	NA	NA	NA	NA	NA	NA	NA	NA	NA	NA	NA
A22031A22033	Hybrid	55.5	55	14.75	13.4	12.75	15.2	14.3	15	14.75	15.2	14.35	13.7	0.983333333	0.908474576	0.838815789	1.059233449	1.04379562	0.030508475	0.086666667
Ames15672	Landrace	41.5	44.5	19.8	21.35	22.7	17.05	14.65	18.6	18.85	23.7	22.8	21.2	1.064516129	1.132625995	0.957805907	0.747807018	0.691037736	0.26010101	-0.139784946
PI218134	Landrace	45	55.5	10.4	12.6	13.75	13.35	15.2	10.7	11.4	10.7	13.25	16.35	0.971962617	1.105263158	1.285046729	1.00754717	0.929663609	-0.461538462	-0.528037383
PI608657	Landrace	62	43	19.7	20.25	25.1	23.15	20.7	22.65	22.6	26.9	25.9	26.85	0.869757174	0.896017699	0.933085502	0.893822394	0.770949721	-0.050761421	-0.185430464
PI181844PI179132	Hybrid	44.5	51.5	15.15	16.2	15.2	15.85	16.2	15.15	15.95	16.4	17	17.35	1	1.015673981	0.926829268	0.932352941	0.933717579	-0.069306931	-0.145214521
Ames22068	Landrace	50	50	18.1	17.15	13.75	16.2	16.6	16	14.45	11.75	13.5	14.5	1.13125	1.186851211	1.170212766	1.2	1.144827586	0.082872928	0.09375
Ames22021	Inbred	44	49.5	NA	NA	NA	NA	NA	NA	NA	NA	NA	NA	NA	NA	NA	NA	NA	NA	NA
PI619435	Landrace	77.5	61.5	10.8	10.9	12.5	11.75	13	11.65	10.7	13.35	14.1	14.5	0.927038627	1.018691589	0.936329588	0.833333333	0.896551724	-0.203703704	-0.244635193
NSL103821	Landrace	49.5	43	19.7	18.1	15.65	17.75	19.2	17.65	17.35	15.55	17.5	19.7	1.116147309	1.043227666	1.006430868	1.014285714	0.974619289	0.025380711	-0.116147309
NSL42808	Inbred	56.5	56.5	NA	NA	NA	NA	NA	NA	NA	NA	NA	NA	NA	NA	NA	NA	NA	NA	NA
A22027A22064	Hybrid	48.5	59	13.1	12.8	16.4	15.05	14.35	16.25	16.5	23.25	19.25	17.95	0.806153846	0.775757576	0.705376344	0.781818182	0.799442897	-0.095419847	-0.104615385
PI228183	Landrace	47	44	12.85	14.55	16.9	15.65	14.75	12	16	19.65	18.55	17.65	1.070833333	0.909375	0.860050891	0.843665768	0.835694051	-0.147859922	-0.470833333
Ames28186	Inbred	54.5	48	NA	NA	NA	NA	NA	NA	NA	NA	NA	NA	NA	NA	NA	NA	NA	NA	NA
A22023A22027	Hybrid	53	54.5	15.3	15.45	17.2	13.75	12.7	12.3	12.8	17.15	11.75	10.9	1.243902439	1.20703125	1.002915452	1.170212766	1.165137615	0.169934641	0.113821138
PI516128	Landrace	56	54	12.85	12.3	16.9	16.45	15	14.85	15.25	18.2	19.05	19.25	0.865319865	0.806557377	0.928571429	0.86351706	0.779220779	-0.167315175	-0.296296296
PI516128PI415243	Hybrid	47.5	57	14.5	11.95	11.85	11.8	11.45	11.8	9.4	11.75	12.15	13.55	1.228813559	1.271276596	1.008510638	0.971193416	0.84501845	0.210344828	-0.148305085
A22027A22023	Hybrid	53.5	57	19.95	20.3	20	18.9	18.2	21	20.7	19.5	19.7	18.65	0.95	0.980676329	1.025641026	0.959390863	0.975871314	0.087719298	0.111904762
Ames2758	Landrace	45	50	NA	NA	NA	NA	NA	NA	NA	NA	NA	NA	NA	NA	NA	NA	NA	NA	NA
PI233317PI685985	Hybrid	42	48.5	20.65	22.15	20.15	19.2	18.25	16.3	17.9	19.65	19.3	19.25	1.266871166	1.237430168	1.025445293	0.994818653	0.948051948	0.11622276	-0.180981595
PI233317PI233320	Hybrid	47	51.5	15.8	15.15	17.4	16.95	15.85	23.8	23.85	24.85	27.2	26.1	0.663865546	0.635220126	0.700201207	0.623161765	0.607279693	-0.003164557	-0.096638655
Ames22054	Inbred	50	49.5	18.1	14.7	12.65	14.6	14.85	15.1	12.7	10.25	11.95	12.45	1.198675497	1.157480315	1.234146341	1.221757322	1.192771084	0.179558011	0.175496689
PI516153PI516152	Hybrid	44	56.5	14.3	13.75	13.95	14.25	13.5	12.95	10.75	14.85	12.8	12.65	1.104247104	1.279069767	0.939393939	1.11328125	1.067193676	0.055944056	0.023166023
PI358529	Inbred	53	57	NA	NA	NA	NA	NA	NA	NA	NA	NA	NA	NA	NA	NA	NA	NA	NA	NA
Ames22063	Inbred	54	60	NA	NA	NA	NA	NA	NA	NA	NA	NA	NA	NA	NA	NA	NA	NA	NA	NA
Ames22020Am22065	Hybrid	55.5	54.5	18.5	16.8	14.1	12.8	12.3	18.85	17.95	15.35	12.85	11.6	0.981432361	0.935933148	0.918566775	0.996108949	1.060344828	0.335135135	0.384615385
PI550492	Inbred	55	56	NA	NA	NA	NA	NA	NA	NA	NA	NA	NA	NA	NA	NA	NA	NA	NA	NA
Ames22036Am22024	Hybrid	54	57	16.2	17.4	15.4	15.9	15.4	16.05	16.8	17.05	16.95	16.55	1.009345794	1.035714286	0.903225806	0.938053097	0.930513595	0.049382716	-0.031152648
Ames22062Am22059	Hybrid	56	59	16.45	16.65	16.45	16.35	15.05	15.55	14.85	15.15	14.25	14	1.057877814	1.121212121	1.085808581	1.147368421	1.075	0.085106383	0.099678457
Ames26766	Inbred	65.5	63	NA	NA	NA	NA	NA	NA	NA	NA	NA	NA	NA	NA	NA	NA	NA	NA	NA
Ames22020Am22043	Hybrid	59.5	44.5	15.85	17.5	22.35	16.95	16.35	19.3	22.4	27.15	25.55	24.9	0.821243523	0.78125	0.82320442	0.663405088	0.656626506	-0.031545741	-0.29015544
Ames22041P233317	Hybrid	69.5	49	18.35	19.4	14.75	17.75	17.55	16.4	18.7	21.95	23.05	24.25	1.118902439	1.037433155	0.671981777	0.770065076	0.72371134	0.04359673	-0.478658537
Ames22057	Inbred	53	55.5	NA	NA	NA	NA	NA	NA	NA	NA	NA	NA	NA	NA	NA	NA	NA	NA	NA
Ames22640Am33235	Hybrid	46	51.5	12.45	12.7	13.3	12.95	12.7	13.8	13	12.55	12.35	12.35	0.902173913	0.976923077	1.059760956	1.048582996	1.028340081	-0.020080321	0.105072464
Ames27444	Inbred	62	60.5	NA	NA	NA	NA	NA	NA	NA	NA	NA	NA	NA	NA	NA	NA	NA	NA	NA
Ames22041Am22025	Hybrid	51	49	14.65	16.8	15.95	15.65	14.55	13.2	11.1	16.8	16.45	16.35	1.109848485	1.513513514	0.949404762	0.951367781	0.889908257	0.006825939	-0.238636364
Ames22019Am22023	Hybrid	46.5	50	11.05	10.75	9.95	11.8	12	10.7	10.15	11.95	11.9	10.85	1.03271028	1.0591133	0.832635983	0.991596639	1.105990783	-0.085972851	-0.014018692
Ames22031Am22028	Hybrid	56	53.5	16.95	15.35	19.75	16.45	16.7	17.95	13.9	17.95	17	16.1	0.944289694	1.104316547	1.100278552	0.967647059	1.037267081	0.014749263	0.103064067
Ames22640Am22634	Hybrid	50.5	50	16.7	16.65	16.25	16.75	16.5	14.65	16.85	16.9	17.1	17.35	1.139931741	0.988130564	0.961538462	0.979532164	0.951008646	0.011976048	-0.184300341
Ames22025Am22023	Hybrid	52	54.5	15.85	15.8	15.15	13.75	12.85	14.7	14.55	15.9	11.75	11.05	1.078231293	1.085910653	0.952830189	1.170212766	1.162895928	0.189274448	0.24829932
Ames22023Am22033	Hybrid	71.5	57	13.65	14.25	17.6	14.45	14.4	14.35	13.8	16.5	14.5	12.75	0.951219512	1.032608696	1.066666667	0.996551724	1.129411765	-0.054945055	0.111498258
PI644100	Inbred	50	55	NA	NA	NA	NA	NA	NA	NA	NA	NA	NA	NA	NA	NA	NA	NA	NA	NA
Ames22049Am22634	Hybrid	46.5	48.5	13.5	13.3	13.05	12.9	12.75	13.35	13.1	16.85	15.8	15.15	1.011235955	1.015267176	0.774480712	0.816455696	0.841584158	0.055555556	-0.134831461
NSL8582	Inbred	50.5	57.5	NA	NA	NA	NA	NA	NA	NA	NA	NA	NA	NA	NA	NA	NA	NA	NA	NA
Ames27447	Inbred	61.5	59.5	NA	NA	NA	NA	NA	NA	NA	NA	NA	NA	NA	NA	NA	NA	NA	NA	NA
Ames22027Am22023	Hybrid	53.5	57	14.55	15.3	18.95	13.55	12.75	15.2	16.05	18.8	15.35	13.55	0.957236842	0.953271028	1.007978723	0.882736156	0.94095941	0.12371134	0.108552632
PI644099	Inbred	49.5	57.5	NA	NA	NA	NA	NA	NA	NA	NA	NA	NA	NA	NA	NA	NA	NA	NA	NA
PI358537	Inbred	57.5	61	NA	NA	NA	NA	NA	NA	NA	NA	NA	NA	NA	NA	NA	NA	NA	NA	NA
Ames22063Am22064	Hybrid	52	54.5	20.55	22.5	21.15	21.25	21.15	20.35	22.4	21.55	21.4	21.1	1.00982801	1.004464286	0.981438515	0.992990654	1.002369668	-0.02919708	-0.036855037
Ames22634Am22640	Hybrid	46	54	15.5	14.25	13.45	13.95	14.5	14.85	16.85	16.85	17.05	16.7	1.043771044	0.845697329	0.798219585	0.818181818	0.868263473	0.064516129	-0.124579125
Ames22059Am22063	Hybrid	56.5	54.5	17.7	16.25	15	15.75	18.9	16.65	13.95	19.05	14.65	14.4	1.063063063	1.164874552	0.787401575	1.075085324	1.3125	-0.06779661	0.135135135
Ames22059Am22065	Hybrid	55.5	55.5	18.2	17.3	18.9	17.25	17.85	17.6	16.75	19.55	19.25	17.2	1.034090909	1.032835821	0.966751918	0.896103896	1.037790698	0.019230769	0.022727273
Ames22023Am22027	Hybrid	53	54.5	15.3	15.45	17.2	13.75	12.7	12.3	12.8	17.15	11.75	10.9	1.243902439	1.20703125	1.002915452	1.170212766	1.165137615	0.169934641	0.113821138
Ames22051	Inbred	56	56.5	NA	NA	NA	NA	NA	NA	NA	NA	NA	NA	NA	NA	NA	NA	NA	NA	NA
Ames26815	Inbred	46.5	49	16.25	15.2	12.15	15.3	16.65	16.15	13.9	10.9	12.05	11.1	1.00619195	1.09352518	1.114678899	1.269709544	1.5	-0.024615385	0.312693498
Ames22023Am22064	Hybrid	51	59.5	16.8	17.2	24.05	19.05	18.35	20.95	21.45	21.8	18.5	18.3	0.801909308	0.801864802	1.103211009	1.02972973	1.00273224	-0.092261905	0.126491647
Ames28439Am28369	Hybrid	50.5	53	NA	NA	NA	NA	NA	NA	NA	NA	NA	NA	NA	NA	NA	NA	NA	NA	NA
Ames22059Am27446	Hybrid	50.5	61.5	NA	NA	NA	NA	NA	NA	NA	NA	NA	NA	NA	NA	NA	NA	NA	NA	NA
Ames22056	Inbred	49.5	54.5	13.4	13.35	13.2	14.4	15.9	13.45	8.65	8.1	8.25	8.65	0.996282528	1.543352601	1.62962963	1.745454545	1.838150289	-0.186567164	0.356877323
Ames22027Am22064	Hybrid	48.5	59	13.1	12.8	16.4	15.05	14.35	16.25	16.5	23.25	19.25	17.95	0.806153846	0.775757576	0.705376344	0.781818182	0.799442897	-0.095419847	-0.104615385
Ames2206622064	Hybrid	NA	NA	NA	NA	NA	NA	NA	NA	NA	NA	NA	NA	NA	NA	NA	NA	NA	NA	NA
Ames2206622064	Hybrid	NA	NA	NA	NA	NA	NA	NA	NA	NA	NA	NA	NA	NA	NA	NA	NA	NA	NA	NA
Ames22023Am22062	Hybrid	50.5	59.5	13.35	11.95	13.4	12.45	11.5	15.15	15.5	19.05	15.95	12.4	0.881188119	0.770967742	0.703412073	0.780564263	0.927419355	0.138576779	0.181518152
Ames22040Am22066	Hybrid	57.5	57	15.15	15.3	12.3	15.95	15.4	16.75	16.3	14.6	14.5	13.85	0.904477612	0.938650307	0.842465753	1.1	1.111913357	-0.01650165	0.173134328
PI177589PI231297	Hybrid	70	49	15.6	13.8	11	9.6	11.3	14.6	15.7	16.9	16.85	18.5	1.068493151	0.878980892	0.650887574	0.569732938	0.610810811	0.275641026	-0.267123288
PI177589PI183752	Hybrid	49.5	54	18.15	18.15	16.6	13.35	16.2	18.35	18.15	17.55	17.2	16.8	0.989100817	1	0.945868946	0.776162791	0.964285714	0.107438017	0.084468665
NSL5637Ames28439	Hybrid	54	55	NA	NA	NA	NA	NA	NA	NA	NA	NA	NA	NA	NA	NA	NA	NA	NA	NA
Ames22066Am22055	Hybrid	55.5	48.5	15.45	15.25	14.3	14.2	13.8	16.65	17.95	18.45	18.35	18	0.927927928	0.849582173	0.775067751	0.773841962	0.766666667	0.106796117	-0.081081081
Ames22028Am22027	Hybrid	62	54.5	16.3	17.35	23.45	19.05	18.45	21.65	20.85	18.5	17.45	15.9	0.752886836	0.832134293	1.267567568	1.091690544	1.160377358	-0.13190184	0.265588915
Ames22041Am22064	Hybrid	47	49	17.4	14.6	20	16.05	15.35	19.25	21.85	25.95	25.8	25.9	0.903896104	0.66819222	0.770712909	0.622093023	0.592664093	0.117816092	-0.345454545
Ames22036Am22065	Hybrid	46.5	49	15.85	17.15	11.7	13.45	13.6	15.9	15.25	19.65	18.7	18.45	0.996855346	1.124590164	0.595419847	0.719251337	0.737127371	0.141955836	-0.160377358