id	order	HN-EW	HN-CW	HN-X20KW
BGEM-0001-N	1	53.35601509	43.93728442	5.716511568
BGEM-0002-N	2	55.46490322	43.18072664	5.225159779
BGEM-0003-N	3	45.25620364	40.94518033	5.157641719
BGEM-0004-N	4	51.78222296	41.62720086	4.431678937
BGEM-0005-N	5	77.08981875	46.58281155	5.250918353
BGEM-0006-S	6	74.66137911	46.26410296	4.900333174
BGEM-0007-S	7	54.70739748	43.70857282	5.127443416
BGEM-0008-S	8	61.56077592	42.51722653	5.254732553
BGEM-0010-S	9	63.77416374	45.24367351	4.75680756
BGEM-0011-S	10	69.62101541	44.82657406	4.963972303
BGEM-0012-S	11	61.44014295	44.39203981	4.777793481
BGEM-0013-S	12	64.04554791	43.86193998	4.935764973
BGEM-0014-S	13	47.37808034	42.56919748	3.724832641
BGEM-0015-S	14	52.8114048	44.35780966	4.357712689
BGEM-0018-S	15	70.75783259	44.41205816	5.410792654
BGEM-0019-S	16	72.81737049	46.40782493	5.224614013
BGEM-0020-S	17	NA	NA	NA
BGEM-0021-S	18	67.93741142	44.94836178	5.212500166
BGEM-0023-S	19	74.14379399	45.97739661	5.822863324
BGEM-0024-S	20	53.63359814	42.82396683	4.343053473
BGEM-0025-S	21	64.93700756	46.03662562	5.16912324
BGEM-0026-S	22	57.1172856	43.51566496	4.544051786
BGEM-0027-S	23	58.43026382	43.79488064	4.805514686
BGEM-0028-S	24	53.38516365	42.17685909	4.582221457
BGEM-0030-S	25	59.66790931	43.34965314	4.670289073
BGEM-0031-S	26	64.80875228	42.72292015	5.00066208
BGEM-0032-S	27	86.40182545	52.10198849	4.850599096
BGEM-0033-S	28	42.92826194	40.91780226	4.972179981
BGEM-0034-S	29	51.49092605	43.10073279	3.869240611
BGEM-0035-S	30	52.54919661	42.92693851	4.338948068
BGEM-0036-S	31	57.40523143	43.7470193	4.444999308
BGEM-0037-S	32	56.28823681	42.95915547	4.778475087
BGEM-0038-N	33	49.42987053	42.6282109	4.441553343
BGEM-0039-N	34	58.19045226	44.7360278	4.057523619
BGEM-0040-N	35	59.4517433	44.3237359	4.005717846
BGEM-0041-S	36	63.43046003	44.45464584	5.485358242
BGEM-0042-S	37	61.77366557	45.07179382	4.702143971
BGEM-0043-S	38	53.37914221	42.04347987	5.322761262
BGEM-0044-S	39	77.12960219	47.42282032	5.328826403
BGEM-0045-N	40	58.76974902	43.48332631	4.632712561
BGEM-0046-N	41	68.64271603	44.80179632	5.178794344
BGEM-0047-S	42	57.54989807	43.77689506	4.13451072
BGEM-0048-S	43	51.3893828	42.09623035	4.016965885
BGEM-0049-S	44	53.35728457	42.18935246	4.609529844
BGEM-0050-S	45	55.88916109	41.69976444	5.535777182
BGEM-0051-S	46	63.28568507	44.39863903	4.972945421
BGEM-0052-S	47	46.44218452	42.8561997	4.775279987
BGEM-0055-S	48	57.71450551	42.76268571	4.627264936
BGEM-0056-S	49	80.78390965	48.89785746	4.778037902
BGEM-0057-S	50	65.8415679	43.9373803	4.492438166
BGEM-0059-S	51	51.63139478	43.19811146	4.43008619
BGEM-0060-S	52	61.54755408	44.44310438	4.832177908
BGEM-0061-N	53	67.8372262	44.91775875	5.080998901
BGEM-0062-N	54	88.8130724	46.31861711	5.171832212
BGEM-0063-N	55	55.09948822	42.54908974	4.259978668
BGEM-0064-N	56	59.89746589	44.30509771	4.949847475
BGEM-0065-N	57	49.15602621	43.73792236	5.036259548
BGEM-0066-N	58	53.93336485	42.42279657	5.237531491
BGEM-0067-S	59	59.55380689	44.32249939	4.944274573
BGEM-0068-S	60	56.89549968	43.89519212	4.673192887
BGEM-0069-S	61	61.24429624	42.97008515	4.640329351
BGEM-0070-S	62	53.39390465	42.10765382	5.035085404
BGEM-0071-S	63	43.66837933	40.35643669	4.216704676
BGEM-0072-S	64	47.17854248	41.4783977	3.928325381
BGEM-0073-S	65	46.92333583	40.75302999	4.858721056
BGEM-0074-S	66	63.61660581	43.69969966	4.385346837
BGEM-0077-S	67	59.46075336	43.95140459	5.346561496
BGEM-0078-N	68	50.68648103	43.31029917	4.288580542
BGEM-0079-S	69	59.21063505	43.17817999	5.180308851
BGEM-0080-S	70	62.05191937	42.44657779	5.273921902
BGEM-0081-S	71	60.23077087	41.77175463	5.282041893
BGEM-0082-S	72	57.86404813	44.57472769	4.183618005
BGEM-0083-S	73	48.6184207	41.93064495	5.062478153
BGEM-0085-N	74	53.14667128	42.42595266	4.675236208
BGEM-0086-N	75	59.31056847	43.58081053	4.687571008
BGEM-0087-N	76	60.07408107	43.48370082	4.614268907
BGEM-0088-N	77	46.28219642	40.79713518	3.983032859
BGEM-0089-N	78	49.42119663	41.62524211	4.476035624
BGEM-0090-N	79	52.63788415	42.02906077	4.845362333
BGEM-0094-S	80	52.40312711	42.35803011	4.471387052
BGEM-0095-S	81	74.96183762	44.01178551	5.114722387
BGEM-0097-S	82	58.15569173	44.12242179	4.989328106
BGEM-0099-S	83	54.99347568	44.19448978	3.731213509
BGEM-0102-N	84	52.90253014	43.05090049	5.245346205
BGEM-0107-N	85	74.13283332	47.28719016	5.058244628
BGEM-0108-S	86	69.22307899	45.07611667	5.902493551
BGEM-0110-N	87	60.53233344	43.93146202	4.879994878
BGEM-0111-S	88	61.34775738	43.47595638	5.157891574
BGEM-0112-S	89	60.12143095	43.06816729	4.951822977
BGEM-0113-S	90	56.44620807	42.82480579	4.687219947
BGEM-0114-S	91	59.31076355	42.72994196	4.856170841
BGEM-0115-S	92	63.85132176	43.44602373	4.950207121
BGEM-0116-S	93	60.33430079	42.59916442	5.035505395
BGEM-0117-S	94	64.64844613	44.14743946	4.895154113
BGEM-0118-S	95	61.14821952	42.79438663	5.039402131
BGEM-0120-N	96	52.88862348	44.15081358	4.877479723
BGEM-0122-N	97	54.33834572	42.51212545	4.643015991
BGEM-0123-N	98	40.96127823	42.79251608	5.17753383
BGEM-0124-N	99	53.96225082	42.60388813	4.852180413
BGEM-0125-N	100	60.91755552	45.06924717	4.343038433
BGEM-0126-N	101	52.84924669	43.89548541	5.175911049
BGEM-0129-N	102	57.24851276	43.06146297	4.237545018
BGEM-0130-N	103	51.94519033	42.75929645	4.170396409
BGEM-0131-N	104	45.55603214	43.13223095	4.88712837
BGEM-0133-S	105	64.87045766	43.72276871	4.888833532
BGEM-0134-S	106	52.97608445	41.86362476	4.617464225
BGEM-0136-S	107	55.81540762	43.56224892	4.175195967
BGEM-0137-S	108	89.22052079	48.19160286	5.15558262
BGEM-0138-S	109	66.63722398	43.90731532	5.298944271
BGEM-0140-N	110	67.70603775	44.95925911	4.923961484
BGEM-0141-N	111	47.86288189	43.21279441	4.852514111
BGEM-0143-N	112	67.56961772	44.9025113	4.550413924
BGEM-0144-N	113	56.62515315	43.86112187	4.948019506
BGEM-0145-N	114	54.52703493	43.34817159	4.648858545
BGEM-0146-N	115	58.64933637	43.56965466	5.238933838
BGEM-0148-S	116	57.48279965	43.19472407	5.326150046
BGEM-0149-S	117	69.58464592	43.59499035	4.720796334
BGEM-0150-S	118	59.8078661	44.18772052	4.813359
BGEM-0151-N	119	73.0853724	45.34075119	5.916138279
BGEM-0152-N	120	66.4630452	45.53899715	5.115795674
BGEM-0153-S	121	52.14833394	42.85122302	4.996424049
BGEM-0154-S	122	46.52999278	42.54222024	5.026522844
BGEM-0155-S	123	68.81482423	46.1827015	4.631749446
BGEM-0156-S	124	43.53292099	41.45389935	5.11000257
BGEM-0157-N	125	51.3378568	43.30536931	3.855931156
BGEM-0158-S	126	57.87904079	43.1759129	4.650510679
BGEM-0160-S	127	51.15788959	41.25542574	4.393109428
BGEM-0162-S	128	70.00230761	44.77907636	4.659985643
BGEM-0164-S	129	74.51252902	46.4846808	5.604900487
BGEM-0165-S	130	60.66086354	43.47617792	5.267590325
BGEM-0166-S	131	47.55088902	41.71464807	4.956724836
BGEM-0167-S	132	65.28257367	44.07787449	4.540824422
BGEM-0170-S	133	67.25541714	43.59137131	5.046130781
BGEM-0172-S	134	50.60007694	44.47406892	4.333367329
BGEM-0173-S	135	55.23497375	41.96639152	4.7773882
BGEM-0174-N	136	64.67593543	45.55720554	4.85995164
BGEM-0175-S	137	71.25114764	45.69215637	5.368581488
BGEM-0178-S	138	85.05193992	47.27045404	5.66585108
BGEM-0179-S	139	72.80236479	45.30495786	6.468869911
BGEM-0182-N	140	71.11584088	45.77920616	4.904154967
BGEM-0184-N	141	58.51997347	43.14750027	4.619212762
BGEM-0186-S	142	65.64921784	44.04671036	5.004241224
BGEM-0187-S	143	61.20184056	43.66342127	4.840196929
BGEM-0188-S	144	72.52473818	44.08340762	4.983129914
BGEM-0190-N	145	63.37786192	44.99693745	4.97058723
BGEM-0191-N	146	49.58384546	42.63674139	4.404742271
BGEM-0192-N	147	47.92072179	41.60710223	4.093373504
BGEM-0193-N	148	42.96359677	41.73049853	3.805316548
BGEM-0196-N	149	45.18495582	43.61015933	4.484039714
BGEM-0197-S	150	60.21941294	45.64596276	4.339401225
BGEM-0198-S	151	52.15716877	42.21226033	4.382114445
BGEM-0199-S	152	56.42735585	43.31593559	4.001562751
BGEM-0200-S	153	51.56219148	41.35767749	5.187037501
BGEM-0201-N	154	61.75935373	46.44531001	4.570772935
BGEM-0202-N	155	60.77232253	43.73733159	4.600219824
BGEM-0203-N	156	58.61786454	44.28466211	4.577850147
BGEM-0204-N	157	58.15047293	43.63697379	4.797649663
BGEM-0205-N	158	67.04706946	44.68651208	4.523462147
BGEM-0206-N	159	54.10970859	42.89685932	4.617257416
BGEM-0207-N	160	64.79776184	44.46097379	4.98453889
BGEM-0208-N	161	NA	NA	NA
BGEM-0209-N	162	71.49482058	45.19946908	4.646098361
BGEM-0210-N	163	52.68523628	43.13492516	4.310950052
BGEM-0211-N	164	71.87412711	45.71999095	4.89309384
BGEM-0212-N	165	57.59293119	43.29058265	5.067790945
BGEM-0213-S	166	58.06185769	43.40983951	4.529213544
BGEM-0214-S	167	54.18477521	41.6277169	4.829992236
BGEM-0216-N	168	51.4773766	43.32119303	4.703541738
BGEM-0217-S	169	65.29035585	47.02944074	4.937296068
BGEM-0218-S	170	42.20648422	40.49533398	4.068483034
BGEM-0219-S	171	79.85489384	43.75117798	5.271229303
BGEM-0220-S	172	76.67249242	47.60210348	5.366715198
BGEM-0222-S	173	63.20139223	44.21134174	5.113336557
BGEM-0223-N	174	49.66991965	41.59840792	4.481363471
BGEM-0224-N	175	35.63210142	40.06250347	5.102308998
BGEM-0225-N	176	NA	NA	NA
BGEM-0226-S	177	77.76441108	47.41997767	4.927641337
BGEM-0227-N	178	56.58338656	42.89143078	5.494563463
BGEM-0228-N	179	55.21426285	42.86087481	5.478242509
BGEM-0229-N	180	61.7260479	44.10276999	5.930648815
BGEM-0230-N	181	47.39891718	42.60049758	4.64868329
BGEM-0231-N	182	52.16063664	44.56995939	4.745453751
BGEM-0233-S	183	68.93383978	44.24739716	4.88712837
BGEM-0235-N	184	62.29658231	43.96725919	5.040911608
BGEM-0236-S	185	61.88989817	43.11149543	5.483377851
BGEM-0237-N	186	55.21554279	42.97593535	4.714686818
BGEM-0239-N	187	72.09404575	46.46690392	5.183400294
BGEM-0240-N	188	51.7757142	43.18033925	4.82374762
BGEM-0242-N	189	59.00721989	42.57559153	5.346107737
BGEM-0243-S	190	75.54755737	46.98627778	4.823326014
BGEM-0244-S	191	84.91776263	48.60191892	5.180308851
BGEM-0246-N	192	62.65911482	45.55163045	4.537289094
BGEM-0247-N	193	NA	NA	NA
BGEM-0248-N	194	62.58936013	42.39713289	5.373227376
BGEM-0250-S	195	52.57325135	43.63697379	5.960872849
BGEM-0252-S	196	66.44878714	45.11961489	4.400339623
BGEM-0253-N	197	47.67514412	43.12551972	4.166053335
BGEM-0254-S	198	68.13596171	44.46555434	4.687571008
BGEM-0255-S	199	54.79823	44.08303155	4.611676677
BGEM-0256-N	200	48.98955298	43.30063735	4.064714805
BGEM-0257-S	201	57.38644268	42.48267487	4.990210983
BGEM-0258-S	202	50.53694281	43.46724265	5.246748358
BGEM-0259-N	203	65.45501495	46.86138919	4.924300039
BGEM-0260-N	204	48.620795	40.59331863	4.789723125
BGEM-0261-S	205	56.21773164	42.63266488	5.290321656
BGEM-0262-S	206	64.23137403	43.5183077	4.96695843
BGEM-0263-S	207	55.00999905	43.18210202	5.071240656
BGEM-0264-S	208	52.84265346	43.11144752	5.282550095
BGEM-0266-S	209	56.26956071	44.50390978	5.204201093
BGEM-0268-S	210	51.75324074	44.18709197	4.773087899
BGEM-0269-S	211	NA	NA	NA
BGEM-0270-S	212	60.41538031	43.94102983	5.026610901
BGEM-0272-S	213	74.76213368	44.3489653	4.814267943
BGEM-0276-S	214	60.15755431	44.76416781	5.480093772
BGEM-0277-S	215	55.14241094	44.10718381	5.078041269
BGEM-0278-S	216	63.39510838	43.78734985	4.660066121
BGEM-0279-S	217	77.03073757	44.28330858	4.996784665
BGEM-0280-S	218	51.30124924	43.72355737	4.806811384
BGEM-0281-N	219	57.2750778	43.34953431	4.176563188
BGEM-0282-N	220	62.69970397	43.33826928	5.316049476
BGEM-0283-N	221	55.64339594	43.58080979	4.381787528
BGEM-0284-N	222	48.3418737	42.82701926	4.066906893
BGEM-0285-N	223	72.0682842	45.12717551	4.653782957
BGEM-0286-N	224	57.57663548	44.04648658	4.876112502
BGEM-0287-N	225	47.52740154	43.31483324	4.355520601
BGEM-0288-S	226	69.89721086	43.95995769	4.83274037
BGEM-0289-N	227	46.5951086	42.94623173	3.737106278
BGEM-0290-N	228	55.79939988	43.2875971	4.834932458
BGEM-0291-N	229	51.57601026	43.30852396	4.467368985
BGEM-0292-S	230	44.37634177	43.31046826	4.723084075
BGEM-0293-N	231	55.74678458	43.49186022	4.491930749
BGEM-0294-N	232	51.61509908	43.38460237	4.939324282
BGEM-0295-S	233	63.50245992	43.50352104	4.553288382
BGEM-0296-S	234	68.73967429	44.04355572	4.855110046
BGEM-0297-N	235	64.1649126	44.09876197	4.944588753
BGEM-0298-S	236	50.28249365	43.21366089	4.451088646
BGEM-0299-N	237	53.35601509	43.51929425	5.127443416
BGEM-0300-S	238	69.13783525	44.1423362	4.709876119
BGEM-0301-S	239	61.80769347	43.48301586	4.292308821
BGEM-0302-S	240	72.88459831	44.47357369	5.3660533
BGEM-0303-N	241	57.67938482	44.18393732	4.959501871
BGEM-0304-N	242	53.39201503	44.36631584	5.097617181
BGEM-0305-S	243	51.40431823	43.91027206	4.512108338
BGEM-0306-S	244	60.92491794	43.40316324	4.594130486
BGEM-0307-S	245	72.13377823	44.02188409	5.134079151
BGEM-0308-S	246	56.28401447	43.98713914	4.961693959
BGEM-0309-S	247	52.02771378	43.90985039	4.879671811
BGEM-0310-S	248	61.70278253	43.55120767	4.913395297
BGEM-0311-N	249	55.2169351	43.91204728	5.254204917
BGEM-0312-S	250	52.05263682	43.85464414	4.462104514
BGEM-0313-S	251	68.70306673	44.0240371	5.224378682
BGEM-0314-S	252	61.91324373	44.55911603	5.591942155
BGEM-0315-S	253	64.17261266	43.82844925	5.216922123
BGEM-0316-S	254	71.7304386	44.56091713	4.836468649
BGEM-0318-S	255	53.96556451	44.21052801	4.402621013
BGEM-0319-S	256	59.37109407	45.07805477	4.637502618
BGEM-0320-N	257	57.37171274	43.48653749	5.36078883
BGEM-0321-S	258	64.61047005	44.53703353	4.831373149
BGEM-0322-S	259	59.11938245	43.67761716	5.436721639
BGEM-0323-S	260	49.37724465	43.33691574	4.601587044
BGEM-0324-N	261	57.2809359	44.32626323	5.200303843
BGEM-0325-N	262	68.93383978	44.61491305	5.35689158
BGEM-0326-N	263	64.79600821	44.36273952	4.719524766
BGEM-0327-N	264	61.03262979	44.1805589	4.898482179
BGEM-0328-S	265	56.56647554	44.34361377	4.946780841
BGEM-0185-N	266	98.26652174	54.1698918	5.434319818
BGEM-0101-S	267	64.75198856	43.32271985	5.10117649
BGEM-0161-S	268	48.06652632	41.78730087	4.819455323
BGEM-0091-N	269	61.80300477	45.10743237	4.391979725
BGEM-0098-S	270	53.6123467	43.36939184	5.143301941
BGEM-0171-S	271	61.84595768	43.84356402	4.699684855
BGEM-0147-S	272	74.17526109	45.93952568	4.905974239
BGEM-0194-N	273	49.33737331	41.68391119	5.035337741
BGEM-0092-S	274	60.12534806	44.03903289	6.037320321
BGEM-0106-N	275	70.51560052	47.14022951	5.111828529
BGEM-0238-N	276	56.34770667	44.37358288	5.077270622
BGEM-0053-S	277	62.26206597	44.70042933	5.388204239
BGEM-0245-S	278	43.82803498	43.49659219	4.730606397
BGEM-0084-S	279	84.15487836	47.09372663	4.742440722
BGEM-0058-N	280	56.71231725	42.99562355	4.881376973
BGEM-0109-N	281	54.46956368	43.42186731	4.279587792
BGEM-0029-S	282	52.15350747	42.67705204	4.3373792
BGEM-0105-N	283	71.13734368	45.02752517	4.151792655
BGEM-0168-S	284	52.89807664	43.59596661	4.767287009
BGEM-0183-N	285	70.2026833	46.37752338	4.73067091
BGEM-0163-S	286	46.99878484	41.37057613	4.822623658
BGEM-0076-S	287	62.87760324	44.22366834	4.933740081
BGEM-0180-S	288	55.06401687	43.77816892	5.508030868
BGEM-0181-N	289	56.29330598	42.17059379	5.221289088
BGEM-0121-N	290	66.04461459	45.0678822	5.220431632
BGEM-0251-S	291	68.21869808	44.60438606	4.916056883
BGEM-0189-S	292	69.89635479	44.45734351	5.849149612
BGEM-0249-N	293	45.83005859	41.6273945	4.705767302